TRELICA DE 200 BARRAS 
   77    1    3    1
    1    0    0    1       0.0    1800.0       0.0
    2    0    0    1     240.0    1800.0       0.0
    3    0    0    1     480.0    1800.0       0.0
    4    0    0    1     720.0    1800.0       0.0
    5    0    0    1     960.0    1800.0       0.0
    6    0    0    1       0.0    1656.0       0.0
    7    0    0    1     120.0    1656.0       0.0 
    8    0    0    1     240.0    1656.0       0.0 
    9    0    0    1     360.0    1656.0       0.0 
   10    0    0    1     480.0    1656.0       0.0 
   11    0    0    1     600.0    1656.0       0.0 
   12    0    0    1     720.0    1656.0       0.0 
   13    0    0    1     840.0    1656.0       0.0 
   14    0    0    1     960.0    1656.0       0.0 
   15    0    0    1       0.0    1512.0       0.0 
   16    0    0    1     240.0    1512.0       0.0 
   17    0    0    1     480.0    1512.0       0.0 
   18    0    0    1     720.0    1512.0       0.0 
   19    0    0    1     960.0    1512.0       0.0 
   20    0    0    1       0.0    1368.0       0.0 
   21    0    0    1     120.0    1368.0       0.0 
   22    0    0    1     240.0    1368.0       0.0 
   23    0    0    1     360.0    1368.0       0.0 
   24    0    0    1     480.0    1368.0       0.0 
   25    0    0    1     600.0    1368.0       0.0 
   26    0    0    1     720.0    1368.0       0.0 
   27    0    0    1     840.0    1368.0       0.0 
   28    0    0    1     960.0    1368.0       0.0 
   29    0    0    1       0.0    1224.0       0.0 
   30    0    0    1     240.0    1224.0       0.0 
   31    0    0    1     480.0    1224.0       0.0 
   32    0    0    1     720.0    1224.0       0.0 
   33    0    0    1     960.0    1224.0       0.0 
   34    0    0    1       0.0    1080.0       0.0 
   35    0    0    1     120.0    1080.0       0.0 
   36    0    0    1     240.0    1080.0       0.0 
   37    0    0    1     360.0    1080.0       0.0 
   38    0    0    1     480.0    1080.0       0.0 
   39    0    0    1     600.0    1080.0       0.0 
   40    0    0    1     720.0    1080.0       0.0 
   41    0    0    1     840.0    1080.0       0.0 
   42    0    0    1     960.0    1080.0       0.0 
   43    0    0    1       0.0     936.0       0.0 
   44    0    0    1     240.0     936.0       0.0 
   45    0    0    1     480.0     936.0       0.0 
   46    0    0    1     720.0     936.0       0.0 
   47    0    0    1     960.0     936.0       0.0 
   48    0    0    1       0.0     792.0       0.0 
   49    0    0    1     120.0     792.0       0.0 
   50    0    0    1     240.0     792.0       0.0 
   51    0    0    1     360.0     792.0       0.0 
   52    0    0    1     480.0     792.0       0.0 
   53    0    0    1     600.0     792.0       0.0 
   54    0    0    1     720.0     792.0       0.0 
   55    0    0    1     840.0     792.0       0.0 
   56    0    0    1     960.0     792.0       0.0 
   57    0    0    1       0.0     648.0       0.0 
   58    0    0    1     240.0     648.0       0.0 
   59    0    0    1     480.0     648.0       0.0 
   60    0    0    1     720.0     648.0       0.0 
   61    0    0    1     960.0     648.0       0.0
   62    0    0    1       0.0     504.0       0.0 
   63    0    0    1     120.0     504.0       0.0 
   64    0    0    1     240.0     504.0       0.0 
   65    0    0    1     360.0     504.0       0.0 
   66    0    0    1     480.0     504.0       0.0 
   67    0    0    1     600.0     504.0       0.0 
   68    0    0    1     720.0     504.0       0.0 
   69    0    0    1     840.0     504.0       0.0 
   70    0    0    1     960.0     504.0       0.0 
   71    0    0    1       0.0     360.0       0.0 
   72    0    0    1     240.0     360.0       0.0 
   73    0    0    1     480.0     360.0       0.0 
   74    0    0    1     720.0     360.0       0.0 
   75    0    0    1     960.0     360.0       0.0 
   76    1    1    1     240.0       0.0       0.0 
   77    1    1    1     720.0       0.0       0.0 
    1   11
    1    1    1000.0
    6    1    1000.0
   15    1    1000.0
   20    1    1000.0
   29    1    1000.0
   34    1    1000.0
   43    1    1000.0
   48    1    1000.0
   57    1    1000.0
   62    1    1000.0
   71    1    1000.0
    2   55
    1    2  -10000.0
    2    2  -10000.0
    3    2  -10000.0
    4    2  -10000.0
    5    2  -10000.0
    6    2  -10000.0
    8    2  -10000.0
   10    2  -10000.0
   12    2  -10000.0
   14    2  -10000.0
   15    2  -10000.0
   16    2  -10000.0
   17    2  -10000.0
   18    2  -10000.0
   19    2  -10000.0
   20    2  -10000.0
   22    2  -10000.0
   24    2  -10000.0
   26    2  -10000.0
   28    2  -10000.0
   29    2  -10000.0
   30    2  -10000.0
   31    2  -10000.0
   32    2  -10000.0
   33    2  -10000.0
   34    2  -10000.0
   36    2  -10000.0
   38    2  -10000.0
   40    2  -10000.0
   42    2  -10000.0
   43    2  -10000.0
   44    2  -10000.0
   45    2  -10000.0
   46    2  -10000.0
   47    2  -10000.0
   48    2  -10000.0
   50    2  -10000.0
   52    2  -10000.0
   54    2  -10000.0
   56    2  -10000.0
   57    2  -10000.0
   58    2  -10000.0
   59    2  -10000.0
   60    2  -10000.0
   61    2  -10000.0
   62    2  -10000.0
   64    2  -10000.0
   66    2  -10000.0
   68    2  -10000.0
   70    2  -10000.0
   71    2  -10000.0
   72    2  -10000.0
   73    2  -10000.0
   74    2  -10000.0
   75    2  -10000.0
    3   66
    1    1    1000.0
    6    1    1000.0
   15    1    1000.0
   20    1    1000.0
   29    1    1000.0
   34    1    1000.0
   43    1    1000.0
   48    1    1000.0
   57    1    1000.0
   62    1    1000.0
   71    1    1000.0
    1    2  -10000.0
    2    2  -10000.0
    3    2  -10000.0
    4    2  -10000.0
    5    2  -10000.0
    6    2  -10000.0
    8    2  -10000.0
   10    2  -10000.0
   12    2  -10000.0
   14    2  -10000.0
   15    2  -10000.0
   16    2  -10000.0
   17    2  -10000.0
   18    2  -10000.0
   19    2  -10000.0
   20    2  -10000.0
   22    2  -10000.0
   24    2  -10000.0
   26    2  -10000.0
   28    2  -10000.0
   29    2  -10000.0
   30    2  -10000.0
   31    2  -10000.0
   32    2  -10000.0
   33    2  -10000.0
   34    2  -10000.0
   36    2  -10000.0
   38    2  -10000.0
   40    2  -10000.0
   42    2  -10000.0
   43    2  -10000.0
   44    2  -10000.0
   45    2  -10000.0
   46    2  -10000.0
   47    2  -10000.0
   48    2  -10000.0
   50    2  -10000.0
   52    2  -10000.0
   54    2  -10000.0
   56    2  -10000.0
   57    2  -10000.0
   58    2  -10000.0
   59    2  -10000.0
   60    2  -10000.0
   61    2  -10000.0
   62    2  -10000.0
   64    2  -10000.0
   66    2  -10000.0
   68    2  -10000.0
   70    2  -10000.0
   71    2  -10000.0
   72    2  -10000.0
   73    2  -10000.0
   74    2  -10000.0
   75    2  -10000.0
    1  200  200    0    0    0    0    0    0    0
1    30000000    0.1
2    30000000    0.1
3    30000000    0.1
4    30000000    0.1
5    30000000    0.1
6    30000000    0.1
7    30000000    0.1
8    30000000    0.1
9    30000000    0.1
10   30000000    0.1
11   30000000    0.1
12   30000000    0.1
13   30000000    0.1
14   30000000    0.1
15   30000000    0.1
16   30000000    0.1
17   30000000    0.1
18   30000000    0.1
19   30000000    0.1
20   30000000    0.1
21   30000000    0.1
22   30000000    0.1
23   30000000    0.1
24   30000000    0.1
25   30000000    0.1
26   30000000    0.1
27   30000000    0.1
28   30000000    0.1
29   30000000    0.1
30   30000000    0.1
31   30000000    0.1
32   30000000    0.1
33   30000000    0.1
34   30000000    0.1
35   30000000    0.1
36   30000000    0.1
37   30000000    0.1
38   30000000    0.1
39   30000000    0.1
40   30000000    0.1
41   30000000    0.1
42   30000000    0.1
43   30000000    0.1
44   30000000    0.1
45   30000000    0.1
46   30000000    0.1
47   30000000    0.1
48   30000000    0.1
49   30000000    0.1
50   30000000    0.1
51   30000000    0.1
52   30000000    0.1
53   30000000    0.1
54   30000000    0.1
55   30000000    0.1
56   30000000    0.1
57   30000000    0.1
58   30000000    0.1
59   30000000    0.1
60   30000000    0.1
61   30000000    0.1
62   30000000    0.1
63   30000000    0.1
64   30000000    0.1
65   30000000    0.1
66   30000000    0.1
67   30000000    0.1
68   30000000    0.1
69   30000000    0.1
70   30000000    0.1
71   30000000    0.1
72   30000000    0.1
73   30000000    0.1
74   30000000    0.1
75   30000000    0.1
76   30000000    0.1
77   30000000    0.1
78   30000000    0.1
79   30000000    0.1
80   30000000    0.1
81   30000000    0.1
82   30000000    0.1
83   30000000    0.1
84   30000000    0.1
85   30000000    0.1
86   30000000    0.1
87   30000000    0.1
88   30000000    0.1
89   30000000    0.1
90   30000000    0.1
91   30000000    0.1
92   30000000    0.1
93   30000000    0.1
94   30000000    0.1
95   30000000    0.1
96   30000000    0.1
97   30000000    0.1
98   30000000    0.1
99   30000000    0.1
100  30000000    0.1
101  30000000    0.1
102  30000000    0.1
103  30000000    0.1
104  30000000    0.1
105  30000000    0.1
106  30000000    0.1
107  30000000    0.1
108  30000000    0.1
109  30000000    0.1
110  30000000    0.1
111  30000000    0.1
112  30000000    0.1
113  30000000    0.1
114  30000000    0.1
115  30000000    0.1
116  30000000    0.1
117  30000000    0.1
118  30000000    0.1
119  30000000    0.1
120  30000000    0.1
121  30000000    0.1
122  30000000    0.1
123  30000000    0.1
124  30000000    0.1
125  30000000    0.1
126  30000000    0.1
127  30000000    0.1
128  30000000    0.1
129  30000000    0.1
130  30000000    0.1
131  30000000    0.1
132  30000000    0.1
133  30000000    0.1
134  30000000    0.1
135  30000000    0.1
136  30000000    0.1
137  30000000    0.1
138  30000000    0.1
139  30000000    0.1
140  30000000    0.1
141  30000000    0.1
142  30000000    0.1
143  30000000    0.1
144  30000000    0.1
145  30000000    0.1
146  30000000    0.1
147  30000000    0.1
148  30000000    0.1
149  30000000    0.1
150  30000000    0.1
151  30000000    0.1
152  30000000    0.1
153  30000000    0.1
154  30000000    0.1
155  30000000    0.1
156  30000000    0.1
157  30000000    0.1
158  30000000    0.1
159  30000000    0.1
160  30000000    0.1
161  30000000    0.1
162  30000000    0.1
163  30000000    0.1
164  30000000    0.1
165  30000000    0.1
166  30000000    0.1
167  30000000    0.1
168  30000000    0.1
169  30000000    0.1
170  30000000    0.1
171  30000000    0.1
172  30000000    0.1
173  30000000    0.1
174  30000000    0.1
175  30000000    0.1
176  30000000    0.1
177  30000000    0.1
178  30000000    0.1
179  30000000    0.1
180  30000000    0.1
181  30000000    0.1
182  30000000    0.1
183  30000000    0.1
184  30000000    0.1
185  30000000    0.1
186  30000000    0.1
187  30000000    0.1
188  30000000    0.1
189  30000000    0.1
190  30000000    0.1
191  30000000    0.1
192  30000000    0.1
193  30000000    0.1
194  30000000    0.1
195  30000000    0.1
196  30000000    0.1
197  30000000    0.1
198  30000000    0.1
199  30000000    0.1
200  30000000    0.1
    1    1    2    1    0
    2    2    3    2    0
    3    3    4    3    0
    4    4    5    4    0
    5    6    1    5    0
    6    7    1    6    0
    7    7    2    7    0
    8    8    2    8    0
    9    9    2    9    0
   10    9    3   10    0
   11   10    3   11    0
   12   11    3   12    0
   13   11    4   13    0
   14   12    4   14    0
   15   13    4   15    0
   16   13    5   16    0
   17   14    5   17    0
   18    6    7   18    0
   19    7    8   19    0
   20    8    9   20    0
   21    9   10   21    0
   22   10   11   22    0
   23   11   12   23    0 
   24   12   13   24    0
   25   13   14   25    0
   26   15    6   26    0
   27   15    7   27    0
   28   16    7   28    0
   29   16    8   29    0
   30   16    9   30    0 
   31   17    9   31    0
   32   17   10   32    0
   33   17   11   33    0
   34   18   11   34    0
   35   18   12   35    0
   36   18   13   36    0
   37   19   13   37    0
   38   19   14   38    0
   39   15   16   39    0
   40   16   17   40    0
   41   17   18   41    0
   42   18   19   42    0
   43   20   15   43    0
   44   21   15   44    0
   45   21   16   45    0
   46   22   16   46    0
   47   23   16   47    0 
   48   23   17   48    0
   49   24   17   49    0
   50   25   17   50    0
   51   25   18   51    0
   52   26   18   52    0
   53   27   18   53    0
   54   27   19   54    0
   55   28   19   55    0
   56   20   21   56    0
   57   21   22   57    0
   58   22   23   58    0
   59   23   24   59    0
   60   24   25   60    0
   61   25   26   61    0
   62   26   27   62    0
   63   27   28   63    0
   64   29   20   64    0
   65   29   21   65    0
   66   30   21   66    0
   67   30   22   67    0
   68   30   23   68    0
   69   31   23   69    0
   70   31   24   70    0
   71   31   25   71    0
   72   32   25   72    0
   73   32   26   73    0
   74   32   27   74    0
   75   33   27   75    0
   76   33   28   76    0
   77   29   30   77    0
   78   30   31   78    0
   79   31   32   79    0
   80   32   33   80    0
   81   34   29   81    0
   82   35   29   82    0
   83   35   30   83    0
   84   36   30   84    0
   85   37   30   85    0
   86   37   31   86    0
   87   38   31   87    0
   88   39   31   88    0
   89   39   32   89    0
   90   40   32   90    0
   91   41   32   91    0
   92   41   33   92    0
   93   42   33   93    0
   94   34   35   94    0
   95   35   36   95    0
   96   36   37   96    0
   97   37   38   97    0
   98   38   39   98    0
   99   39   40   99    0
  100   40   41  100    0
  101   41   42  101    0
  102   43   34  102    0
  103   43   35  103    0
  104   44   35  104    0
  105   44   36  105    0
  106   44   37  106    0
  107   45   37  107    0
  108   45   38  108    0
  109   45   39  109    0
  110   46   39  110    0
  111   46   40  111    0
  112   46   41  112    0
  113   47   41  113    0
  114   47   42  114    0
  115   43   44  115    0
  116   44   45  116    0
  117   45   46  117    0
  118   46   47  118    0
  119   48   43  119    0
  120   49   43  120    0
  121   49   44  121    0
  122   50   44  122    0
  123   51   44  123    0
  124   51   45  124    0
  125   52   45  125    0
  126   53   45  126    0
  127   53   46  127    0
  128   54   46  128    0
  129   55   46  129    0
  130   55   47  130    0
  131   56   47  131    0
  132   48   49  132    0
  133   49   50  133    0
  134   50   51  134    0
  135   51   52  135    0
  136   52   53  136    0
  137   53   54  137    0
  138   54   55  138    0
  139   55   56  139    0
  140   57   48  140    0
  141   57   49  141    0
  142   58   49  142    0
  143   58   50  143    0
  144   58   51  144    0
  145   59   51  145    0
  146   59   52  146    0
  147   59   53  147    0
  148   60   53  148    0
  149   60   54  149    0
  150   60   55  150    0
  151   61   55  151    0
  152   61   56  152    0
  153   57   58  153    0
  154   58   59  154    0
  155   59   60  155    0
  156   60   61  156    0
  157   62   57  157    0
  158   63   57  158    0
  159   63   58  159    0
  160   64   58  160    0
  161   65   58  161    0
  162   65   59  162    0
  163   66   59  163    0
  164   67   59  164    0
  165   67   60  165    0
  166   68   60  166    0
  167   69   60  167    0
  168   69   61  168    0
  169   70   61  169    0
  170   62   63  170    0
  171   63   64  171    0
  172   64   65  172    0
  173   65   66  173    0
  174   66   67  174    0
  175   67   68  175    0
  176   68   69  176    0
  177   69   70  177    0
  178   71   62  178    0
  179   71   63  179    0
  180   72   63  180    0
  181   72   64  181    0
  182   72   65  182    0
  183   73   65  183    0
  184   73   66  184    0
  185   73   67  185    0
  186   74   67  186    0
  187   74   68  187    0
  188   74   69  188    0
  189   75   69  189    0
  190   75   70  190    0
  191   71   72  191    0
  192   72   73  192    0
  193   73   74  193    0
  194   74   75  194    0
  195   71   76  195    0
  196   72   76  196    0
  197   73   76  197    0
  198   73   77  198    0
  199   74   77  199    0
  200   75   77  200    0