% function evaluation | noise-free fitness - Fopt (7.948000000000e+01) | best noise-free fitness - Fopt | measured fitness | best measured fitness | x1 | x2...
1 +9.926813282e+00 +9.926813282e+00 +8.940681328e+01 +8.940681328e+01 +3.4019e+00 -1.0562e+00
6 +6.209793152e+00 +6.209793152e+00 +8.568979315e+01 +8.568979315e+01 -2.2603e-01 +1.2887e+00
17 +1.542657880e+00 +1.542657880e+00 +8.102265788e+01 +8.102265788e+01 +1.1264e+00 -2.0397e+00
66 +3.247960631e-01 +3.247960631e-01 +7.980479606e+01 +7.980479606e+01 -3.1619e-01 -1.1892e+00
100 +2.481215000e-01 +2.481215000e-01 +7.972812150e+01 +7.972812150e+01 -2.3977e-01 -1.2309e+00
154 +1.086209973e-01 +1.086209973e-01 +7.958862100e+01 +7.958862100e+01 +4.0487e-01 -1.4492e+00
193 +3.776321884e-02 +3.776321884e-02 +7.951776322e+01 +7.951776322e+01 +3.3809e-01 -9.8219e-01
262 +6.080437376e-03 +6.080437376e-03 +7.948608044e+01 +7.948608044e+01 +1.7790e-01 -1.1785e+00
301 +9.768201689e-04 +9.768201689e-04 +7.948097682e+01 +7.948097682e+01 +2.8373e-01 -1.1613e+00
337 +1.573725262e-04 +1.573725262e-04 +7.948015737e+01 +7.948015737e+01 +2.5630e-01 -1.1448e+00
374 +7.307262565e-05 +7.307262565e-05 +7.948007307e+01 +7.948007307e+01 +2.4441e-01 -1.1584e+00
446 +2.479019460e-05 +2.479019460e-05 +7.948002479e+01 +7.948002479e+01 +2.5741e-01 -1.1587e+00
520 +4.533189028e-06 +4.533189028e-06 +7.948000453e+01 +7.948000453e+01 +2.5087e-01 -1.1577e+00
596 +3.777962419e-06 +3.777962419e-06 +7.948000378e+01 +7.948000378e+01 +2.5228e-01 -1.1587e+00
663 +8.630629509e-07 +8.630629509e-07 +7.948000086e+01 +7.948000086e+01 +2.5188e-01 -1.1569e+00
686 +2.554371008e-07 +2.554371008e-07 +7.948000026e+01 +7.948000026e+01 +2.5235e-01 -1.1570e+00
776 +8.126058049e-08 +8.126058049e-08 +7.948000008e+01 +7.948000008e+01 +2.5252e-01 -1.1568e+00
809 +1.254144877e-08 +1.254144877e-08 +7.948000001e+01 +7.948000001e+01 +2.5271e-01 -1.1567e+00
953 +1.215923362e-09 +1.215923362e-09 +7.948000000e+01 +7.948000000e+01 +2.5281e-01 -1.1568e+00
% function evaluation | noise-free fitness - Fopt (3.944800000000e+02) | best noise-free fitness - Fopt | measured fitness | best measured fitness | x1 | x2...
1 +5.665844379e+01 +5.665844379e+01 +4.511384438e+02 +4.511384438e+02 +3.4019e+00 -1.0562e+00
4 +3.612026453e+01 +3.612026453e+01 +4.306002645e+02 +4.306002645e+02 -1.6478e+00 +2.6823e+00
5 +1.457505211e+01 +1.457505211e+01 +4.090550521e+02 +4.090550521e+02 -2.2223e+00 +5.3970e-01
11 +9.828910978e-01 +9.828910978e-01 +3.954628911e+02 +3.954628911e+02 -4.8370e+00 -2.5711e+00
70 +6.678761792e-02 +6.678761792e-02 +3.945467876e+02 +3.945467876e+02 -3.7510e+00 -2.6781e+00
88 +4.226305033e-02 +4.226305033e-02 +3.945222631e+02 +3.945222631e+02 -3.6958e+00 -2.9252e+00
210 +2.163165074e-02 +2.163165074e-02 +3.945016317e+02 +3.945016317e+02 -3.9794e+00 -3.0132e+00
239 +2.399821076e-03 +2.399821076e-03 +3.944823998e+02 +3.944823998e+02 -3.9319e+00 -2.9262e+00
273 +3.287004287e-04 +3.287004287e-04 +3.944803287e+02 +3.944803287e+02 -3.9125e+00 -2.9017e+00
429 +8.124674991e-05 +8.124674991e-05 +3.944800812e+02 +3.944800812e+02 -3.9028e+00 -2.8825e+00
504 +2.356449102e-05 +2.356449102e-05 +3.944800236e+02 +3.944800236e+02 -3.8979e+00 -2.8856e+00
570 +9.785595125e-06 +9.785595125e-06 +3.944800098e+02 +3.944800098e+02 -3.9002e+00 -2.8929e+00
620 +4.077712447e-06 +4.077712447e-06 +3.944800041e+02 +3.944800041e+02 -3.8994e+00 -2.8921e+00
654 +1.986743655e-06 +1.986743655e-06 +3.944800020e+02 +3.944800020e+02 -3.8986e+00 -2.8890e+00
667 +8.062616530e-07 +8.062616530e-07 +3.944800008e+02 +3.944800008e+02 -3.8975e+00 -2.8904e+00
735 +6.180105174e-07 +6.180105174e-07 +3.944800006e+02 +3.944800006e+02 -3.8980e+00 -2.8897e+00
757 +1.230437192e-07 +1.230437192e-07 +3.944800001e+02 +3.944800001e+02 -3.8983e+00 -2.8907e+00
801 +9.214858210e-08 +9.214858210e-08 +3.944800001e+02 +3.944800001e+02 -3.8982e+00 -2.8907e+00
803 +4.356923000e-08 +4.356923000e-08 +3.944800000e+02 +3.944800000e+02 -3.8985e+00 -2.8906e+00
883 +2.151989520e-08 +2.151989520e-08 +3.944800000e+02 +3.944800000e+02 -3.8985e+00 -2.8905e+00
903 +1.532941951e-08 +1.532941951e-08 +3.944800000e+02 +3.944800000e+02 -3.8984e+00 -2.8903e+00
906 +1.783575954e-09 +1.783575954e-09 +3.944800000e+02 +3.944800000e+02 -3.8984e+00 -2.8904e+00
% function evaluation | noise-free fitness - Fopt (-2.471100000000e+02) | best noise-free fitness - Fopt | measured fitness | best measured fitness | x1 | x2...
1 +5.343000599e+01 +5.343000599e+01 -1.936799940e+02 -1.936799940e+02 +3.4019e+00 -1.0562e+00
4 +1.077111561e+01 +1.077111561e+01 -2.363388844e+02 -2.363388844e+02 -1.6478e+00 +2.6823e+00
5 +2.597471659e+00 +2.597471659e+00 -2.445125283e+02 -2.445125283e+02 -2.2223e+00 +5.3970e-01
10 +7.967810937e-01 +7.967810937e-01 -2.463132189e+02 -2.463132189e+02 -3.5840e+00 +1.0697e+00
52 +5.904341942e-02 +5.904341942e-02 -2.470509566e+02 -2.470509566e+02 -4.0024e+00 +3.3514e-01
229 +1.388549079e-02 +1.388549079e-02 -2.470961145e+02 -2.470961145e+02 -3.7180e+00 +2.8934e-01
263 +9.670575489e-03 +9.670575489e-03 -2.471003294e+02 -2.471003294e+02 -3.7051e+00 +1.7214e-01
266 +2.510643875e-03 +2.510643875e-03 -2.471074894e+02 -2.471074894e+02 -3.7534e+00 +1.8109e-01
303 +1.048913820e-03 +1.048913820e-03 -2.471089511e+02 -2.471089511e+02 -3.8216e+00 +1.8063e-01
340 +4.699917284e-05 +4.699917284e-05 -2.471099530e+02 -2.471099530e+02 -3.7996e+00 +1.9645e-01
539 +1.543151166e-05 +1.543151166e-05 -2.471099846e+02 -2.471099846e+02 -3.7994e+00 +1.9941e-01
622 +9.668866483e-06 +9.668866483e-06 -2.471099903e+02 -2.471099903e+02 -3.7966e+00 +2.0572e-01
670 +5.757186443e-07 +5.757186443e-07 -2.471099994e+02 -2.471099994e+02 -3.7977e+00 +2.0282e-01
803 +1.069403197e-07 +1.069403197e-07 -2.471099999e+02 -2.471099999e+02 -3.7987e+00 +2.0339e-01
875 +2.109999286e-09 +2.109999286e-09 -2.471100000e+02 -2.471100000e+02 -3.7984e+00 +2.0315e-01
% function evaluation | noise-free fitness - Fopt (-1.520400000000e+02) | best noise-free fitness - Fopt | measured fitness | best measured fitness | x1 | x2...
1 +1.961337415e+01 +1.961337415e+01 -1.324266259e+02 -1.324266259e+02 +3.4019e+00 -1.0562e+00
2 +1.203364435e+01 +1.203364435e+01 -1.400063557e+02 -1.400063557e+02 +2.8310e+00 +2.9844e+00
4 +3.489288963e+00 +3.489288963e+00 -1.485507110e+02 -1.485507110e+02 -1.6478e+00 +2.6823e+00
6 +1.999859928e-02 +1.999859928e-02 -1.520200014e+02 -1.520200014e+02 -2.2603e-01 +1.2887e+00
186 +5.292112834e-03 +5.292112834e-03 -1.520347079e+02 -1.520347079e+02 -2.0670e-01 +1.3836e+00
234 +3.650632957e-03 +3.650632957e-03 -1.520363494e+02 -1.520363494e+02 -3.1994e-01 +1.4535e+00
265 +9.088578350e-04 +9.088578350e-04 -1.520390911e+02 -1.520390911e+02 -2.4093e-01 +1.4388e+00
416 +2.531561406e-04 +2.531561406e-04 -1.520397468e+02 -1.520397468e+02 -2.5459e-01 +1.4143e+00
446 +8.515955412e-05 +8.515955412e-05 -1.520399148e+02 -1.520399148e+02 -2.5863e-01 +1.4274e+00
501 +2.742283220e-05 +2.742283220e-05 -1.520399726e+02 -1.520399726e+02 -2.6412e-01 +1.4282e+00
521 +4.301616059e-06 +4.301616059e-06 -1.520399957e+02 -1.520399957e+02 -2.6792e-01 +1.4221e+00
633 +1.971874696e-06 +1.971874696e-06 -1.520399980e+02 -1.520399980e+02 -2.6621e-01 +1.4230e+00
688 +2.475388783e-07 +2.475388783e-07 -1.520399998e+02 -1.520399998e+02 -2.6721e-01 +1.4245e+00
712 +1.296124310e-07 +1.296124310e-07 -1.520399999e+02 -1.520399999e+02 -2.6688e-01 +1.4242e+00
780 +6.901316851e-08 +6.901316851e-08 -1.520399999e+02 -1.520399999e+02 -2.6738e-01 +1.4238e+00
790 +8.311928923e-10 +8.311928923e-10 -1.520400000e+02 -1.520400000e+02 -2.6717e-01 +1.4240e+00
% function evaluation | noise-free fitness - Fopt (-2.525000000000e+01) | best noise-free fitness - Fopt | measured fitness | best measured fitness | x1 | x2...
1 +2.905900905e+00 +2.905900905e+00 -2.234409909e+01 -2.234409909e+01 +3.4019e+00 -1.0562e+00
46 +9.661389943e-01 +9.661389943e-01 -2.428386101e+01 -2.428386101e+01 +4.5647e+00 +8.8640e-01
52 +5.164461286e-01 +5.164461286e-01 -2.473355387e+01 -2.473355387e+01 +4.1462e+00 +1.5185e-01
55 +1.590593792e-01 +1.590593792e-01 -2.509094062e+01 -2.509094062e+01 +4.0016e+00 +5.3970e-01
84 +1.508107598e-01 +1.508107598e-01 -2.509918924e+01 -2.509918924e+01 +3.3909e+00 +3.1763e-01
115 +4.996153564e-02 +4.996153564e-02 -2.520003846e+01 -2.520003846e+01 +3.3909e+00 +6.3508e-01
116 +2.505770150e-02 +2.505770150e-02 -2.522494230e+01 -2.522494230e+01 +3.6564e+00 +7.8781e-01
202 +1.526652002e-02 +1.526652002e-02 -2.523473348e+01 -2.523473348e+01 +3.5500e+00 +7.4065e-01
273 +7.047868302e-03 +7.047868302e-03 -2.524295213e+01 -2.524295213e+01 +3.5309e+00 +6.4350e-01
295 +4.183657154e-03 +4.183657154e-03 -2.524581634e+01 -2.524581634e+01 +3.5500e+00 +6.4119e-01
322 +2.118443728e-03 +2.118443728e-03 -2.524788156e+01 -2.524788156e+01 +3.5815e+00 +6.0306e-01
350 +1.291474777e-03 +1.291474777e-03 -2.524870853e+01 -2.524870853e+01 +3.5970e+00 +6.0377e-01
379 +5.341605027e-05 +5.341605027e-05 -2.524994658e+01 -2.524994658e+01 +3.6133e+00 +6.2797e-01
412 +6.171800976e-06 +6.171800976e-06 -2.524999383e+01 -2.524999383e+01 +3.6155e+00 +6.3741e-01
611 +2.885313997e-06 +2.885313997e-06 -2.524999711e+01 -2.524999711e+01 +3.6128e+00 +6.3460e-01
694 +3.495187748e-07 +3.495187748e-07 -2.524999965e+01 -2.524999965e+01 +3.6139e+00 +6.3483e-01
715 +2.037652429e-07 +2.037652429e-07 -2.524999980e+01 -2.524999980e+01 +3.6140e+00 +6.3502e-01
809 +1.037097555e-07 +1.037097555e-07 -2.524999990e+01 -2.524999990e+01 +3.6141e+00 +6.3508e-01
826 +8.035158316e-09 +8.035158316e-09 -2.524999999e+01 -2.524999999e+01 +3.6144e+00 +6.3529e-01
% function evaluation | noise-free fitness - Fopt (-2.017200000000e+02) | best noise-free fitness - Fopt | measured fitness | best measured fitness | x1 | x2...
1 +2.667860372e+01 +2.667860372e+01 -1.750413963e+02 -1.750413963e+02 +3.4019e+00 -1.0562e+00
5 +1.251241578e+01 +1.251241578e+01 -1.892075842e+02 -1.892075842e+02 -2.2223e+00 +5.3970e-01
7 +9.243935591e+00 +9.243935591e+00 -1.924760644e+02 -1.924760644e+02 -1.3522e+00 +1.3401e-01
14 +6.216973106e+00 +6.216973106e+00 -1.955030269e+02 -1.955030269e+02 -3.7021e+00 -3.9119e+00
23 +2.602019158e+00 +2.602019158e+00 -1.991179808e+02 -1.991179808e+02 -2.1669e+00 -1.4754e+00
52 +1.840026680e+00 +1.840026680e+00 -1.998799733e+02 -1.998799733e+02 -2.5853e+00 -2.2100e+00
61 +9.726022585e-01 +9.726022585e-01 -2.007473977e+02 -2.007473977e+02 -2.0238e+00 -2.1253e+00
101 +3.309180023e-01 +3.309180023e-01 -2.013890820e+02 -2.013890820e+02 -1.1750e+00 -2.3855e+00
125 +1.115978318e-01 +1.115978318e-01 -2.016084022e+02 -2.016084022e+02 -1.6900e+00 -3.1035e+00
138 +5.792422972e-02 +5.792422972e-02 -2.016620758e+02 -2.016620758e+02 -1.3603e+00 -3.1385e+00
226 +5.277633689e-03 +5.277633689e-03 -2.017147224e+02 -2.017147224e+02 -1.4279e+00 -2.9779e+00
288 +3.881280634e-03 +3.881280634e-03 -2.017161187e+02 -2.017161187e+02 -1.3834e+00 -2.9554e+00
315 +6.866447249e-04 +6.866447249e-04 -2.017193134e+02 -2.017193134e+02 -1.4078e+00 -2.8829e+00
384 +2.966918221e-04 +2.966918221e-04 -2.017197033e+02 -2.017197033e+02 -1.4189e+00 -2.8885e+00
421 +3.008571809e-07 +3.008571809e-07 -2.017199997e+02 -2.017199997e+02 -1.4204e+00 -2.9060e+00
708 +2.327298887e-07 +2.327298887e-07 -2.017199998e+02 -2.017199998e+02 -1.4213e+00 -2.9056e+00
765 +8.681269037e-09 +8.681269037e-09 -2.017200000e+02 -2.017200000e+02 -1.4208e+00 -2.9057e+00
% function evaluation | noise-free fitness - Fopt (-1.000000000000e+03) | best noise-free fitness - Fopt | measured fitness | best measured fitness | x1 | x2...
1 +1.375028933e+01 +1.375028933e+01 -9.862497107e+02 -9.862497107e+02 +3.4019e+00 -1.0562e+00
4 +8.491523017e+00 +8.491523017e+00 -9.915084770e+02 -9.915084770e+02 -1.6478e+00 +2.6823e+00
5 +4.700124726e+00 +4.700124726e+00 -9.952998753e+02 -9.952998753e+02 -2.2223e+00 +5.3970e-01
6 +1.147373546e+00 +1.147373546e+00 -9.988526265e+02 -9.988526265e+02 -2.2603e-01 +1.2887e+00
52 +4.286664027e-01 +4.286664027e-01 -9.995713336e+02 -9.995713336e+02 -6.4450e-01 +5.5416e-01
61 +1.688545235e-01 +1.688545235e-01 -9.998311455e+02 -9.998311455e+02 -8.3021e-02 +6.3887e-01
64 +4.372310964e-02 +4.372310964e-02 -9.999562769e+02 -9.999562769e+02 -1.5391e-01 +4.2236e-01
105 +2.105988281e-02 +2.105988281e-02 -9.999789401e+02 -9.999789401e+02 -1.8377e-01 +3.2607e-01
252 +4.959175596e-03 +4.959175596e-03 -9.999950408e+02 -9.999950408e+02 -8.4175e-02 +1.5797e-01
306 +2.810983035e-03 +2.810983035e-03 -9.999971890e+02 -9.999971890e+02 -1.2469e-01 +2.0524e-01
321 +1.242852680e-03 +1.242852680e-03 -9.999987571e+02 -9.999987571e+02 -5.6265e-02 +1.9934e-01
366 +2.575102262e-04 +2.575102262e-04 -9.999997425e+02 -9.999997425e+02 -6.6198e-02 +2.4005e-01
458 +7.339592571e-06 +7.339592571e-06 -9.999999927e+02 -9.999999927e+02 -7.8839e-02 +2.2978e-01
574 +5.455553037e-06 +5.455553037e-06 -9.999999945e+02 -9.999999945e+02 -7.5195e-02 +2.2630e-01
609 +3.213146897e-06 +3.213146897e-06 -9.999999968e+02 -9.999999968e+02 -7.8047e-02 +2.2671e-01
633 +1.393332809e-06 +1.393332809e-06 -9.999999986e+02 -9.999999986e+02 -7.7835e-02 +2.2743e-01
675 +4.214354021e-07 +4.214354021e-07 -9.999999996e+02 -9.999999996e+02 -7.7117e-02 +2.2857e-01
771 +2.302432449e-07 +2.302432449e-07 -9.999999998e+02 -9.999999998e+02 -7.6336e-02 +2.2812e-01
777 +1.317971510e-08 +1.317971510e-08 -1.000000000e+03 -1.000000000e+03 -7.6875e-02 +2.2809e-01
942 +9.741938811e-09 +9.741938811e-09 -1.000000000e+03 -1.000000000e+03 -7.6849e-02 +2.2809e-01
% function evaluation | noise-free fitness - Fopt (-4.290000000000e+01) | best noise-free fitness - Fopt | measured fitness | best measured fitness | x1 | x2...
1 +1.272535135e+01 +1.272535135e+01 -3.017464865e+01 -3.017464865e+01 +3.4019e+00 -1.0562e+00
2 +3.497523761e-01 +3.497523761e-01 -4.255024762e+01 -4.255024762e+01 +2.8310e+00 +2.9844e+00
52 +7.997537490e-02 +7.997537490e-02 -4.282002463e+01 -4.282002463e+01 +2.4125e+00 +2.2499e+00
115 +2.342740523e-02 +2.342740523e-02 -4.287657259e+01 -4.287657259e+01 +2.5712e+00 +2.5673e+00
219 +1.396552817e-02 +1.396552817e-02 -4.288603447e+01 -4.288603447e+01 +2.7007e+00 +2.3305e+00
225 +8.709691902e-03 +8.709691902e-03 -4.289129031e+01 -4.289129031e+01 +2.7261e+00 +2.4301e+00
292 +3.519639584e-03 +3.519639584e-03 -4.289648036e+01 -4.289648036e+01 +2.6228e+00 +2.4857e+00
308 +1.881898009e-03 +1.881898009e-03 -4.289811810e+01 -4.289811810e+01 +2.6027e+00 +2.3959e+00
324 +1.505736535e-03 +1.505736535e-03 -4.289849426e+01 -4.289849426e+01 +2.5982e+00 +2.4447e+00
331 +7.066906188e-04 +7.066906188e-04 -4.289929331e+01 -4.289929331e+01 +2.6571e+00 +2.4164e+00
357 +2.556118862e-04 +2.556118862e-04 -4.289974439e+01 -4.289974439e+01 +2.6281e+00 +2.4425e+00
454 +1.907937907e-06 +1.907937907e-06 -4.289999809e+01 -4.289999809e+01 +2.6316e+00 +2.4265e+00
651 +8.718715065e-07 +8.718715065e-07 -4.289999913e+01 -4.289999913e+01 +2.6334e+00 +2.4279e+00
737 +6.114792583e-07 +6.114792583e-07 -4.289999939e+01 -4.289999939e+01 +2.6334e+00 +2.4277e+00
743 +4.222841454e-08 +4.222841454e-08 -4.289999996e+01 -4.289999996e+01 +2.6328e+00 +2.4274e+00
810 +2.813251854e-09 +2.813251854e-09 -4.290000000e+01 -4.290000000e+01 +2.6328e+00 +2.4272e+00
% function evaluation | noise-free fitness - Fopt (-1.013200000000e+02) | best noise-free fitness - Fopt | measured fitness | best measured fitness | x1 | x2...
1 +1.743383502e+01 +1.743383502e+01 -8.388616498e+01 -8.388616498e+01 +3.4019e+00 -1.0562e+00
2 +1.338924825e+00 +1.338924825e+00 -9.998107517e+01 -9.998107517e+01 +2.8310e+00 +2.9844e+00
9 +4.543769452e-01 +4.543769452e-01 -1.008656231e+02 -1.008656231e+02 +1.3571e+00 +2.1730e+00
59 +7.172569282e-02 +7.172569282e-02 -1.012482743e+02 -1.012482743e+02 +1.8788e+00 +2.9517e+00
105 +3.318357859e-02 +3.318357859e-02 -1.012868164e+02 -1.012868164e+02 +1.8489e+00 +2.8554e+00
182 +4.859989845e-03 +4.859989845e-03 -1.013151400e+02 -1.013151400e+02 +1.7656e+00 +2.7439e+00
275 +3.774541591e-03 +3.774541591e-03 -1.013162255e+02 -1.013162255e+02 +1.7538e+00 +2.7323e+00
282 +1.860696597e-03 +1.860696597e-03 -1.013181393e+02 -1.013181393e+02 +1.6540e+00 +2.7502e+00
358 +4.465382721e-04 +4.465382721e-04 -1.013195535e+02 -1.013195535e+02 +1.6957e+00 +2.7341e+00
395 +9.801469889e-05 +9.801469889e-05 -1.013199020e+02 -1.013199020e+02 +1.7037e+00 +2.7623e+00
460 +3.175996909e-06 +3.175996909e-06 -1.013199968e+02 -1.013199968e+02 +1.6971e+00 +2.7534e+00
546 +1.871369761e-07 +1.871369761e-07 -1.013199998e+02 -1.013199998e+02 +1.6971e+00 +2.7555e+00
759 +1.242885475e-07 +1.242885475e-07 -1.013199999e+02 -1.013199999e+02 +1.6965e+00 +2.7550e+00
801 +3.371702917e-08 +3.371702917e-08 -1.013200000e+02 -1.013200000e+02 +1.6968e+00 +2.7554e+00
879 +2.242467190e-08 +2.242467190e-08 -1.013200000e+02 -1.013200000e+02 +1.6969e+00 +2.7551e+00
911 +1.564251306e-08 +1.564251306e-08 -1.013200000e+02 -1.013200000e+02 +1.6967e+00 +2.7552e+00
951 +5.735543596e-09 +5.735543596e-09 -1.013200000e+02 -1.013200000e+02 +1.6968e+00 +2.7553e+00
% function evaluation | noise-free fitness - Fopt (3.650000000000e+00) | best noise-free fitness - Fopt | measured fitness | best measured fitness | x1 | x2...
1 +9.296568492e+00 +9.296568492e+00 +1.294656849e+01 +1.294656849e+01 +3.4019e+00 -1.0562e+00
17 +4.036838616e-01 +4.036838616e-01 +4.053683862e+00 +4.053683862e+00 +1.1264e+00 -2.0397e+00
105 +3.886793725e-01 +3.886793725e-01 +4.038679372e+00 +4.038679372e+00 +1.0965e+00 -2.1360e+00
140 +2.024582384e-01 +2.024582384e-01 +3.852458238e+00 +3.852458238e+00 +4.4852e-02 -1.9553e+00
193 +8.821114686e-02 +8.821114686e-02 +3.738211147e+00 +3.738211147e+00 +6.2271e-01 -1.7065e+00
223 +1.083846515e-02 +1.083846515e-02 +3.660838465e+00 +3.660838465e+00 +5.7943e-01 -1.9143e+00
238 +6.984469083e-03 +6.984469083e-03 +3.656984469e+00 +3.656984469e+00 +4.2840e-01 -2.0257e+00
260 +2.056787442e-03 +2.056787442e-03 +3.652056787e+00 +3.652056787e+00 +4.5863e-01 -2.0023e+00
296 +1.099066205e-04 +1.099066205e-04 +3.650109907e+00 +3.650109907e+00 +5.0392e-01 -1.9700e+00
445 +5.876598877e-05 +5.876598877e-05 +3.650058766e+00 +3.650058766e+00 +4.9791e-01 -1.9812e+00
462 +1.165149018e-05 +1.165149018e-05 +3.650011651e+00 +3.650011651e+00 +4.9733e-01 -1.9727e+00
491 +5.654571100e-06 +5.654571100e-06 +3.650005655e+00 +3.650005655e+00 +4.9222e-01 -1.9734e+00
579 +2.502491239e-06 +2.502491239e-06 +3.650002502e+00 +3.650002502e+00 +4.9282e-01 -1.9743e+00
629 +5.747514953e-08 +5.747514953e-08 +3.650000057e+00 +3.650000057e+00 +4.9463e-01 -1.9745e+00
657 +6.255953089e-09 +6.255953089e-09 +3.650000006e+00 +3.650000006e+00 +4.9434e-01 -1.9745e+00
% function evaluation | noise-free fitness - Fopt (2.205300000000e+02) | best noise-free fitness - Fopt | measured fitness | best measured fitness | x1 | x2...
1 +7.958398178e+00 +7.958398178e+00 +2.284883982e+02 +2.284883982e+02 +3.4019e+00 -1.0562e+00
3 +1.931843727e+00 +1.931843727e+00 +2.224618437e+02 +2.224618437e+02 +4.1165e+00 -3.0245e+00
41 +1.508141745e+00 +1.508141745e+00 +2.220381417e+02 +2.220381417e+02 +1.8786e+00 -3.3403e+00
61 +9.711622799e-01 +9.711622799e-01 +2.215011623e+02 +2.215011623e+02 +2.0216e+00 -3.9901e+00
70 +1.616343494e-01 +1.616343494e-01 +2.206916343e+02 +2.206916343e+02 +2.9646e+00 -3.4473e+00
88 +2.415036685e-02 +2.415036685e-02 +2.205541504e+02 +2.205541504e+02 +3.0198e+00 -3.6943e+00
216 +8.029086980e-03 +8.029086980e-03 +2.205380291e+02 +2.205380291e+02 +2.9420e+00 -3.7771e+00
285 +3.351246982e-03 +3.351246982e-03 +2.205333512e+02 +2.205333512e+02 +3.0127e+00 -3.9037e+00
303 +5.719773871e-04 +5.719773871e-04 +2.205305720e+02 +2.205305720e+02 +2.9939e+00 -3.8717e+00
374 +1.998551401e-04 +1.998551401e-04 +2.205301999e+02 +2.205301999e+02 +3.0016e+00 -3.8347e+00
382 +6.334107169e-05 +6.334107169e-05 +2.205300633e+02 +2.205300633e+02 +3.0032e+00 -3.8433e+00
405 +1.775117676e-05 +1.775117676e-05 +2.205300178e+02 +2.205300178e+02 +2.9940e+00 -3.8511e+00
505 +9.317537263e-06 +9.317537263e-06 +2.205300093e+02 +2.205300093e+02 +2.9994e+00 -3.8465e+00
562 +2.438525712e-06 +2.438525712e-06 +2.205300024e+02 +2.205300024e+02 +2.9955e+00 -3.8471e+00
623 +1.138746484e-06 +1.138746484e-06 +2.205300011e+02 +2.205300011e+02 +2.9977e+00 -3.8474e+00
679 +6.006558806e-08 +6.006558806e-08 +2.205300001e+02 +2.205300001e+02 +2.9968e+00 -3.8478e+00
800 +2.435146484e-08 +2.435146484e-08 +2.205300000e+02 +2.205300000e+02 +2.9969e+00 -3.8480e+00
828 +9.131724710e-09 +9.131724710e-09 +2.205300000e+02 +2.205300000e+02 +2.9968e+00 -3.8481e+00
% function evaluation | noise-free fitness - Fopt (4.212900000000e+02) | best noise-free fitness - Fopt | measured fitness | best measured fitness | x1 | x2...
1 +7.313506781e+01 +7.313506781e+01 +4.944250678e+02 +4.944250678e+02 +3.4019e+00 -1.0562e+00
2 +4.613437561e+01 +4.613437561e+01 +4.674243756e+02 +4.674243756e+02 +2.8310e+00 +2.9844e+00
4 +5.706346591e+00 +5.706346591e+00 +4.269963466e+02 +4.269963466e+02 -1.6478e+00 +2.6823e+00
12 +1.762514254e-01 +1.762514254e-01 +4.214662514e+02 +4.214662514e+02 -3.6277e+00 +3.0418e+00
167 +2.827898319e-02 +2.827898319e-02 +4.213182790e+02 +4.213182790e+02 -3.8311e+00 +3.4216e+00
200 +1.835251570e-02 +1.835251570e-02 +4.213083525e+02 +4.213083525e+02 -3.8633e+00 +3.4074e+00
216 +1.389023499e-02 +1.389023499e-02 +4.213038902e+02 +4.213038902e+02 -4.0118e+00 +3.2039e+00
234 +6.616381154e-03 +6.616381154e-03 +4.212966164e+02 +4.212966164e+02 -3.8902e+00 +3.2555e+00
298 +3.250283339e-03 +3.250283339e-03 +4.212932503e+02 +4.212932503e+02 -4.0079e+00 +3.3237e+00
307 +2.341644455e-03 +2.341644455e-03 +4.212923416e+02 +4.212923416e+02 -3.9677e+00 +3.3527e+00
351 +5.028920193e-04 +5.028920193e-04 +4.212905029e+02 +4.212905029e+02 -3.9592e+00 +3.3281e+00
414 +3.563486006e-04 +3.563486006e-04 +4.212903563e+02 +4.212903563e+02 -3.9720e+00 +3.3022e+00
425 +1.143700362e-04 +1.143700362e-04 +4.212901144e+02 +4.212901144e+02 -3.9633e+00 +3.3109e+00
472 +4.367943893e-05 +4.367943893e-05 +4.212900437e+02 +4.212900437e+02 -3.9500e+00 +3.3119e+00
518 +3.308408071e-05 +3.308408071e-05 +4.212900331e+02 +4.212900331e+02 -3.9515e+00 +3.3010e+00
553 +1.179451607e-05 +1.179451607e-05 +4.212900118e+02 +4.212900118e+02 -3.9541e+00 +3.3098e+00
576 +7.214127891e-07 +7.214127891e-07 +4.212900007e+02 +4.212900007e+02 -3.9528e+00 +3.3063e+00
688 +2.345860821e-07 +2.345860821e-07 +4.212900002e+02 +4.212900002e+02 -3.9535e+00 +3.3059e+00
713 +5.713718565e-08 +5.713718565e-08 +4.212900001e+02 +4.212900001e+02 -3.9538e+00 +3.3063e+00
795 +4.170715329e-09 +4.170715329e-09 +4.212900000e+02 +4.212900000e+02 -3.9536e+00 +3.3065e+00
% function evaluation | noise-free fitness - Fopt (-7.900000000000e+01) | best noise-free fitness - Fopt | measured fitness | best measured fitness | x1 | x2...
1 +4.656209590e+01 +4.656209590e+01 -3.243790410e+01 -3.243790410e+01 +3.4019e+00 -1.0562e+00
2 +3.785024518e+01 +3.785024518e+01 -4.114975482e+01 -4.114975482e+01 +2.8310e+00 +2.9844e+00
4 +4.244048176e+00 +4.244048176e+00 -7.475595182e+01 -7.475595182e+01 -1.6478e+00 +2.6823e+00
5 +1.080651095e+00 +1.080651095e+00 -7.791934891e+01 -7.791934891e+01 -2.2223e+00 +5.3970e-01
10 +2.975731386e-01 +2.975731386e-01 -7.870242686e+01 -7.870242686e+01 -3.5840e+00 +1.0697e+00
27 +2.134765834e-01 +2.134765834e-01 -7.878652342e+01 -7.878652342e+01 -3.0779e+00 +1.6323e+00
61 +4.843559765e-02 +4.843559765e-02 -7.895156440e+01 -7.895156440e+01 -2.9349e+00 +9.8243e-01
202 +2.732992459e-02 +2.732992459e-02 -7.897267008e+01 -7.897267008e+01 -3.0518e+00 +1.3365e+00
212 +1.915520379e-02 +1.915520379e-02 -7.898084480e+01 -7.898084480e+01 -3.1834e+00 +1.2001e+00
218 +1.184529029e-02 +1.184529029e-02 -7.898815471e+01 -7.898815471e+01 -3.1510e+00 +1.2063e+00
264 +6.526705670e-03 +6.526705670e-03 -7.899347329e+01 -7.899347329e+01 -3.0341e+00 +1.0916e+00
282 +6.483938882e-04 +6.483938882e-04 -7.899935161e+01 -7.899935161e+01 -3.0232e+00 +1.1656e+00
420 +1.322567507e-04 +1.322567507e-04 -7.899986774e+01 -7.899986774e+01 -3.0577e+00 +1.1775e+00
441 +9.335426699e-05 +9.335426699e-05 -7.899990665e+01 -7.899990665e+01 -3.0424e+00 +1.1634e+00
458 +3.545876700e-05 +3.545876700e-05 -7.899996454e+01 -7.899996454e+01 -3.0421e+00 +1.1705e+00
474 +1.922533443e-05 +1.922533443e-05 -7.899998077e+01 -7.899998077e+01 -3.0460e+00 +1.1673e+00
573 +9.419106391e-06 +9.419106391e-06 -7.899999058e+01 -7.899999058e+01 -3.0454e+00 +1.1696e+00
575 +3.697555400e-06 +3.697555400e-06 -7.899999630e+01 -7.899999630e+01 -3.0484e+00 +1.1731e+00
616 +1.689004733e-06 +1.689004733e-06 -7.899999831e+01 -7.899999831e+01 -3.0472e+00 +1.1702e+00
668 +1.555247508e-06 +1.555247508e-06 -7.899999844e+01 -7.899999844e+01 -3.0476e+00 +1.1700e+00
688 +1.921593196e-08 +1.921593196e-08 -7.899999998e+01 -7.899999998e+01 -3.0479e+00 +1.1713e+00
833 +8.784596162e-09 +8.784596162e-09 -7.899999999e+01 -7.899999999e+01 -3.0479e+00 +1.1712e+00
% function evaluation | noise-free fitness - Fopt (-4.133000000000e+01) | best noise-free fitness - Fopt | measured fitness | best measured fitness | x1 | x2...
1 +8.846496023e+00 +8.846496023e+00 -3.248350398e+01 -3.248350398e+01 +3.4019e+00 -1.0562e+00
7 +5.766036756e+00 +5.766036756e+00 -3.556396324e+01 -3.556396324e+01 -1.3522e+00 +1.3401e-01
17 +8.018012797e-01 +8.018012797e-01 -4.052819872e+01 -4.052819872e+01 +1.1264e+00 -2.0397e+00
72 +1.429024780e-01 +1.429024780e-01 -4.118709752e+01 -4.118709752e+01 +1.4836e-01 -1.2258e+00
187 +5.675199327e-02 +5.675199327e-02 -4.127324801e+01 -4.127324801e+01 +2.7868e-01 -1.6105e+00
198 +2.655781315e-02 +2.655781315e-02 -4.130344219e+01 -4.130344219e+01 +5.7836e-01 -1.3439e+00
238 +2.350120443e-02 +2.350120443e-02 -4.130649880e+01 -4.130649880e+01 +3.0798e-01 -1.4967e+00
273 +6.965493687e-03 +6.965493687e-03 -4.132303451e+01 -4.132303451e+01 +4.2823e-01 -1.5283e+00
277 +5.753338138e-03 +5.753338138e-03 -4.132424666e+01 -4.132424666e+01 +3.8064e-01 -1.4280e+00
371 +3.230525091e-03 +3.230525091e-03 -4.132676947e+01 -4.132676947e+01 +4.5722e-01 -1.3921e+00
382 +2.763944204e-04 +2.763944204e-04 -4.132972361e+01 -4.132972361e+01 +4.5346e-01 -1.4322e+00
433 +6.338083644e-05 +6.338083644e-05 -4.132993662e+01 -4.132993662e+01 +4.5728e-01 -1.4417e+00
507 +2.760387396e-05 +2.760387396e-05 -4.132997240e+01 -4.132997240e+01 +4.4841e-01 -1.4480e+00
553 +5.785854448e-06 +5.785854448e-06 -4.132999421e+01 -4.132999421e+01 +4.5418e-01 -1.4511e+00
559 +2.317941870e-06 +2.317941870e-06 -4.132999768e+01 -4.132999768e+01 +4.5329e-01 -1.4503e+00
687 +1.230153650e-06 +1.230153650e-06 -4.132999877e+01 -4.132999877e+01 +4.5319e-01 -1.4478e+00
781 +7.255792625e-07 +7.255792625e-07 -4.132999927e+01 -4.132999927e+01 +4.5345e-01 -1.4496e+00
785 +2.544909705e-07 +2.544909705e-07 -4.132999975e+01 -4.132999975e+01 +4.5378e-01 -1.4493e+00
837 +2.312804384e-07 +2.312804384e-07 -4.132999977e+01 -4.132999977e+01 +4.5394e-01 -1.4491e+00
859 +1.649988945e-08 +1.649988945e-08 -4.132999998e+01 -4.132999998e+01 +4.5356e-01 -1.4489e+00
909 +1.511731540e-08 +1.511731540e-08 -4.132999998e+01 -4.132999998e+01 +4.5352e-01 -1.4487e+00
968 +8.478231450e-09 +8.478231450e-09 -4.132999999e+01 -4.132999999e+01 +4.5369e-01 -1.4488e+00
% function evaluation | noise-free fitness - Fopt (2.127500000000e+02) | best noise-free fitness - Fopt | measured fitness | best measured fitness | x1 | x2...
1 +5.520901436e+01 +5.520901436e+01 +2.679590144e+02 +2.679590144e+02 +3.4019e+00 -1.0562e+00
4 +3.352862077e+01 +3.352862077e+01 +2.462786208e+02 +2.462786208e+02 -1.6478e+00 +2.6823e+00
5 +1.297101642e+01 +1.297101642e+01 +2.257210164e+02 +2.257210164e+02 -2.2223e+00 +5.3970e-01
11 +9.837046032e-01 +9.837046032e-01 +2.137337046e+02 +2.137337046e+02 -4.8370e+00 -2.5711e+00
70 +9.909386537e-03 +9.909386537e-03 +2.127599094e+02 +2.127599094e+02 -3.7510e+00 -2.6781e+00
295 +2.135598126e-03 +2.135598126e-03 +2.127521356e+02 +2.127521356e+02 -3.8691e+00 -2.6305e+00
310 +1.566793085e-04 +1.566793085e-04 +2.127501567e+02 +2.127501567e+02 -3.8379e+00 -2.6720e+00
370 +5.324687771e-05 +5.324687771e-05 +2.127500532e+02 +2.127500532e+02 -3.8454e+00 -2.6781e+00
482 +1.142045011e-05 +1.142045011e-05 +2.127500114e+02 +2.127500114e+02 -3.8515e+00 -2.6696e+00
514 +8.203146251e-06 +8.203146251e-06 +2.127500082e+02 +2.127500082e+02 -3.8503e+00 -2.6699e+00
549 +4.965879043e-06 +4.965879043e-06 +2.127500050e+02 +2.127500050e+02 -3.8482e+00 -2.6729e+00
555 +2.621087333e-06 +2.621087333e-06 +2.127500026e+02 +2.127500026e+02 -3.8505e+00 -2.6712e+00
588 +7.953029524e-07 +7.953029524e-07 +2.127500008e+02 +2.127500008e+02 -3.8506e+00 -2.6737e+00
671 +4.055409022e-07 +4.055409022e-07 +2.127500004e+02 +2.127500004e+02 -3.8499e+00 -2.6724e+00
704 +3.071361334e-07 +3.071361334e-07 +2.127500003e+02 +2.127500003e+02 -3.8499e+00 -2.6729e+00
745 +1.417701867e-07 +1.417701867e-07 +2.127500001e+02 +2.127500001e+02 -3.8501e+00 -2.6730e+00
775 +6.401367614e-08 +6.401367614e-08 +2.127500001e+02 +2.127500001e+02 -3.8503e+00 -2.6730e+00
789 +5.122862490e-08 +5.122862490e-08 +2.127500001e+02 +2.127500001e+02 -3.8502e+00 -2.6730e+00
800 +7.433897053e-09 +7.433897053e-09 +2.127500000e+02 +2.127500000e+02 -3.8504e+00 -2.6727e+00
